  26
  1   2   1500000.0   184.0
  1   3   1500000.0   840.0 
  2   4   1500000.0   707.0
  2   6   2000000.0   882.0
  3   7   1500000.0   120.0
  3   8   2000000.0   497.0
  4   5   1500000.0   572.0
  5   7   2000000.0   941.0
  6   9   2000000.0   128.0
  7  23   2500000.0   492.0 
  8  10   1500000.0   344.0
  9  11   2000000.0   782.0
 10  13   1500000.0   548.0
 11  14   2000000.0   318.0
 12  14   2000000.0   273.0 
 12  18   2000000.0    50.0   
 12  21   1500000.0   390.0
 13  16   2000000.0   327.0
 15  17   2000000.0   735.0
 15  23   1500000.0   337.0
 15  26   2000000.0   576.0  
 16  24   2000000.0   455.0
 17  19   1500000.0   758.0
 18  22   1500000.0   332.0
 19  21   1500000.0   160.0
 20  25   2000000.0   942.0
 20  26   1500000.0   549.0
 22  24   1500000.0   310.0
 24  25   1500000.0   403.0